sun 1.989110e30 6.9550810e6 -1.318179998275412E+09 4.010555758878363E+08 -4.493504117531995E+00 -1.503318013232030E+01
mercury 3.302210e23 2.439710e3 4.183977317411777E+10 -4.422147843777118E+10 2.534767960872066E+04 3.616526476323813E+04
venus 4.868510e24 6.051810e3 -8.208050566798364E+010 -7.152072408769740E+010 2.303847371249511E+04 -2.633317430531520E+04
earth 5.973610e24 6.378110e3 -1.502435787464162E+11 2.858938967658004E+09 -9.848639093802455E+02 -2.990158696831215E+04
mars 6.418510e23 3.396210e3 3.031463267567180E+10 -2.124145204011682E+11 2.487349875010466E+04 5.631439806195409E+03
jupiter 1.898610e27 7.149210e4 7.210294274718149E+11 -1.799286031564351E+11 3.008924766806268E+03 1.329013349027193E+04
saturn 5.68319e26 60268 1.081706070830998E+12 -1.010156693279702E+12 6.053376147133327E+03 7.040084974912324E+03
uranus 86.8103e24 25559 2.120602369586079E+12 2.048002091116990E+12 -4.780526765730031E+03 4.581252251800299E+03
neptune 102.41e24 24766 4.436403954069068E+12 -5.749251707692599E+11 6.633093692438831E+02 5.422873302823699E+03
pluto 1.307e22 1195 2.295386983092351E+12 -4.616043519074597E+12 4.988788510682109E+03 1.224826701544759E+03
